time,x,y,z,phi,theta,psi,x_velocity,y_velocity,z_velocity,phi_velocity,theta_velocity,psi_velocity,rotor_speed1,rotor_speed2,rotor_speed3,rotor_speed4
0.06,-1.694539489952173e-06,-2.2295027904011677e-08,10.005222805045545,6.2831576954125445,0.0010148845656567929,0.0,-0.00012772717759071465,-2.284616102378438e-06,0.1740822133955412,-0.0013969344848838137,0.038433970209044474,0.0,457.82788288634157,460.8751419041183,460.3114111614273,460.2008822763137
0.12000000000000001,-3.625914231113954e-05,-9.737968975137369e-07,10.016668283923728,6.282698587003626,0.003316257206102513,0.0,-0.0012366798466154484,-5.028173592767004e-05,0.2074275701423418,-0.02467862362346665,0.0382002761268332,0.0,415.407791446612,415.38813208614613,416.1289097253995,414.0863071117426
0.18,-0.00018633602913802356,-1.9147102291227028e-05,10.031746815657831,6.280710500813035,0.005247408268965081,0.0,-0.003981468587205276,-0.0007181864298937371,0.2951698820498498,-0.06108878819589811,0.016083423473304152,0.0,434.7358776249267,432.87943670293635,433.82798943961023,430.75967602835266
0.23999999999999996,-0.0005359399240082671,-0.000126173776317846,10.052185500917483,6.277372166769998,0.006319986560491486,0.0,-0.007774633106784303,-0.0032000116444487765,0.3860908145424281,-0.046513454632756863,0.021240228891858774,0.0,434.4977608394299,434.92974448948564,432.91742272582434,434.13963819935935
0.3,-0.001134286350857032,-0.00044542160815873533,10.077801583922076,6.27463171432295,0.007633379504341953,0.0,-0.012298564617247888,-0.007715941342722658,0.467745438755136,-0.04404693275492967,0.023158394333096046,0.0,431.87273384352403,432.03449680774764,430.384905372907,430.5922860572104
0.36000000000000004,-0.0020510408389117323,-0.0011128228434926367,10.110824146822566,6.272068100150715,0.009336297575315733,0.0,-0.018433808221083474,-0.014820595712333184,0.6329249866633013,-0.04021024565557349,0.03718753405563927,0.0,456.3292406572641,457.44777349737376,457.7288503658192,458.03308249155884
0.4200000000000001,-0.003400331124479797,-0.002289770002333547,10.156011741448156,6.269494801698784,0.011001391198835364,0.0,-0.02680166628067815,-0.024714484671221046,0.8731691630232181,-0.04886731815532216,-0.00855034736311144,0.0,481.57894030526904,478.1074357258699,480.10787423782466,479.44980386585837
0.48000000000000015,-0.005296070674986561,-0.00414815554661387,10.217117241452058,6.2664065653413665,0.010425847505527663,0.0,-0.036316243488671594,-0.03761922852920204,1.163426170007922,-0.05726248714874133,-0.011762503070870031,0.0,494.22261103989155,493.98596542377516,495.0586822547999,494.43922695425744
0.5400000000000001,-0.007729466008200795,-0.006835282392525853,10.293959117022398,6.2630887994847875,0.009826553920728287,0.0,-0.04471508747760178,-0.0523584532739088,1.397706067564013,-0.05162925231719489,-0.006656874436525779,0.0,479.5512353250787,479.9389893099974,478.0444150499986,478.4715918323565
0.6000000000000002,-0.010632841627526582,-0.010443413064693945,10.382729641500203,6.259836172564267,0.00968702078723993,0.0,-0.05203341116445725,-0.06826131430537032,1.5610947417122005,-0.05994725105941923,0.0051716786431691055,0.0,458.568808661224,459.5074140639994,458.3858403924887,457.7225323361686
0.6600000000000003,-0.013947521029984122,-0.015013581452537342,10.47849085111719,6.256275793997988,0.009568583780541928,0.0,-0.058470741742757376,-0.08442434358243234,1.6308389005431008,-0.05815181509604742,-0.022773947052223853,0.0,431.1537309548389,428.7864194726084,429.35137912119905,429.50105819624974
0.7200000000000003,-0.017621762625882744,-0.02056906749486353,10.57648141668433,6.253348630969754,0.008269990650020986,0.0,-0.06388696761808343,-0.10103645493964727,1.6354990379560879,-0.03465932462433036,-0.019472808731475277,0.0,407.64303447606943,407.93783909626165,407.82276206823724,409.9137086098304
0.7800000000000004,-0.021613525623044125,-0.027224597358031014,10.676622653027145,6.252253091404562,0.006768839443331842,0.0,-0.06904470961556577,-0.12095473380115865,1.7024403052387782,0.0028280973495832685,-0.03942868500781902,0.0,429.717072339839,428.02201483569945,427.64764269451945,430.8285697475954
0.8400000000000004,-0.025855733337423022,-0.034967391325382055,10.77681296029669,6.252505291009967,0.004148936750173249,0.0,-0.07217090064753692,-0.1371254745389182,1.6373338267957838,0.006821046372870161,-0.053873557427388065,0.0,384.3893027941212,383.01659279058396,384.2924585802524,384.6706642014145
0.9000000000000005,-0.03026732054897769,-0.04389422127461593,10.880224997546808,6.252837823377556,0.000971638120991436,0.0,-0.07452012566356803,-0.1603864357660319,1.8094790364669375,0.0028532061680462597,-0.05117899975948277,0.0,462.4470286371552,462.65749385958105,461.44447948688696,461.13107884946464
0.9600000000000005,-0.03474865485886535,-0.05421381158932556,10.994082286115471,6.252689722892365,6.281565689311826,0.0,-0.07454098175779077,-0.18358720796908054,1.9854741104981144,-0.01610835131459077,-0.03070283921540001,0.0,462.925868066215,464.53313051540937,464.2578903926417,462.76788144813133
1.0200000000000005,-0.039173916903337026,-0.06597084569481772,11.11970908858691,6.251780852404032,6.279636295294111,0.0,-0.07274397744632076,-0.2084143693590449,2.2016895844576587,-0.013292947046304897,-0.0352345884819995,0.0,475.95138547694665,475.6041331286025,476.41385270962877,476.62917613437094
1.0800000000000005,-0.04345146580279953,-0.07917600997740759,11.256313023083228,6.25063137569947,6.27752842591727,0.0,-0.06961130050487013,-0.23185156313859706,2.3514729921767885,-0.034708607386351294,-0.03492513515258154,0.0,458.3769819315868,458.4010814893008,456.76394616484345,455.05291965217236
1.1400000000000006,-0.04749635642495904,-0.09380759716685198,11.401585351843815,6.248770967788451,6.275470033608702,0.0,-0.0649962892205344,-0.2560707118498382,2.490634416914594,-0.024476849828525337,-0.03309744043050244,0.0,454.9929643730818,455.13880247606545,453.6186002325645,454.43913938669493
1.2000000000000006,-0.05122975715485624,-0.10988841329576853,11.553994225289816,6.2477063524145,6.273667975794666,0.0,-0.05925988298364651,-0.2800763087237609,2.5894343579475003,-0.006863254634940607,-0.02452186033439592,0.0,442.63452610674506,443.3393752557359,441.5917041878753,443.042259522968
1.2600000000000007,-0.05455695202125478,-0.1275262161672671,11.715122846621805,6.24812772219817,6.2716278305596695,0.0,-0.0514686618999901,-0.3078252643899938,2.7810695688006897,0.025868070631985988,-0.07081207643658541,0.0,473.9876995423434,470.41597054739725,469.4162914358252,471.94932542635365
1.3200000000000007,-0.05740411379467716,-0.1466773337657089,11.883867792701572,6.249457411429514,6.266935102176461,0.0,-0.04301433970271429,-0.33040171890596465,2.8436069999316205,0.013467771167851066,-0.10019421662425197,0.0,432.36123767072286,429.8730907957718,434.51904840459883,433.4782893607942
1.3800000000000008,-0.05966853045315938,-0.16711561301130445,12.05506115629331,6.250849751860443,6.2609936626753395,0.0,-0.031928999891430845,-0.35077107143053576,2.8627839627877423,0.037761570187885785,-0.09678235541810645,0.0,418.42493672087164,418.7127587181626,417.7725983317559,419.88561039540207
1.4400000000000008,-0.061088878537556984,-0.18884457585465217,12.230462470276956,6.252896424226886,6.255137324996053,0.0,-0.014810341960215287,-0.37329226950474215,2.983611176540584,0.025574436007102453,-0.09930385033200229,0.0,450.85364057253315,450.64184981481407,452.57574848074375,451.59421754032024
1.5000000000000009,-0.06130497399988881,-0.21193785237479196,12.414888557174217,6.254359556244875,6.249167041238458,0.0,0.00827191845982616,-0.3963005269289342,3.1634287103954724,0.021895218835158995,-0.09990922256099309,0.0,470.11565743630257,470.0608128916187,469.956899469587,469.6716796707898
1.560000000000001,-0.06013211725834799,-0.23627023469472225,12.606290541678765,6.255681604039317,6.243138553050375,0.0,0.031389650168645845,-0.41465144150532346,3.216471531093365,0.022310485881886045,-0.10162970840335167,0.0,432.1480354716819,431.99394698095796,431.3974199958787,431.4325172085283
1.620000000000001,-0.05728597890414086,-0.26179102028627216,12.804996421402935,6.256636049860045,6.237255298923788,0.0,0.06414900373312522,-0.43589062794902433,3.406483441268853,-0.001703995481766805,-0.09172582717269101,0.0,473.8277931220275,474.5809456353374,475.37618859846475,473.5323428650159
1.680000000000001,-0.0522287715468847,-0.2886328968556274,13.01746505215471,6.256857765773338,6.232382212325714,0.0,0.10503725902202535,-0.45880823925763226,3.6749445823684583,0.012752808487443562,-0.06581045093412494,0.0,497.4904814505814,499.37961576968183,497.0926889463459,498.15092010658475
1.740000000000001,-0.044815303834041316,-0.3167311061399287,13.241850666219914,6.257686072800407,6.228686467096944,0.0,0.14246198155204706,-0.4777049942505566,3.804130230674882,0.015830731416908373,-0.05427815578481135,0.0,458.8580006770097,459.77000217330885,458.6467422628474,458.8910248454334
1.8000000000000012,-0.03517183220827775,-0.34590243422253897,13.472301315955777,6.258643234197372,6.225279415990416,0.0,0.17929974965953166,-0.494575239567762,3.8772905760643237,0.016195486369756186,-0.06233494883357105,0.0,443.4707439072545,442.8061782064029,442.0173059350917,442.0472736903999
1.8600000000000012,-0.023097948681210248,-0.37612941510505427,13.70971740751867,6.2602112282082345,6.222039037208152,0.0,0.22351292803789247,-0.5128338631391286,4.036005469143204,0.040914728079535403,-0.0411091075374835,0.0,469.3064803034387,470.9493024723468,467.7269702890765,469.6483753215469
1.9200000000000013,-0.00843947898712489,-0.4073623061739042,13.954441935549118,6.262385262865301,6.219464913355017,0.0,0.26533502278988963,-0.5280260200085717,4.12115854191226,0.024677669306895127,-0.046752266973639475,0.0,448.9565426948943,448.4974035454758,448.1935141417898,446.8723647192126
1.9800000000000013,0.008738388898507197,-0.4394529817144103,14.203611801140923,6.264278160951735,6.217208273000825,0.0,0.3074852662300042,-0.5414961122211527,4.18425440574325,0.04260820911797596,-0.023743206342091178,0.0,441.2715366086686,443.16620773169063,440.7821245597802,442.2619171899304
2.0400000000000014,0.028579490929021387,-0.4723382993347108,14.457989578861199,6.266918469816645,6.215398169197311,0.0,0.35401903301652776,-0.5544084246502969,4.29458292009255,0.04666132639294937,-0.047864321920165515,0.0,457.4176313526786,455.49213786865215,457.59814158203534,457.92172886555295
2.1000000000000014,0.051401248173086375,-0.5059763863357447,14.721105284155563,6.269429799855729,6.212423573929414,0.0,0.4069901358802487,-0.5665489492035316,4.475222680651075,0.02990784295657979,-0.05324077223666342,0.0,479.2799461302096,478.86976430628863,479.6237209306113,478.3503013997247
2.1600000000000015,0.07738249782217657,-0.5402732598774082,14.993815528826053,6.271080201325288,6.208846094552854,0.0,0.45936980488742424,-0.5764893971011998,4.614530217881947,0.022211529688852,-0.07714840056056477,0.0,469.7860927246324,467.92595939504133,467.93070143899183,467.3312726231525
2.2200000000000015,0.10656225548457995,-0.5751284980709407,15.274508724006267,6.272336700321198,6.203746277135821,0.0,0.5137535340199275,-0.5852106668090662,4.741338449936531,0.018272848524445634,-0.10928651700960001,0.0,467.2484913853799,464.7298677202256,465.56323667615885,465.2548995558062
2.2800000000000016,0.1391593755709767,-0.610486157872785,15.563273139883181,6.273649920474853,6.197847019482328,0.0,0.5734334209854904,-0.5932423316581945,4.883470937707556,0.028280130709351373,-0.08241945056102046,0.0,470.8300824644937,472.8962875014386,470.6845892317101,471.4584972975431
2.3400000000000016,0.1752618918926865,-0.6462740791728778,15.858257932671215,6.275142370278196,6.193186726394163,0.0,0.6304197540663229,-0.5995327623408028,4.949013887787008,0.017003467016694675,-0.0695591444824861,0.0,448.83393682002935,449.8717923771813,450.02971568706437,449.1159873230127
2.4000000000000017,0.2149280956754138,-0.6824172403146138,16.157791393320817,6.276697195423385,6.189647115689098,0.0,0.692127585335566,-0.605105720584434,5.0350015950997316,0.039510932242235675,-0.0435202200018564,0.0,455.6516384086874,457.7262680008399,455.4437547261679,457.24072225060155
2.4600000000000017,0.25826815902188327,-0.7188529775879634,16.46147567909594,6.278523433690632,6.186603588352671,0.0,0.7527754280589642,-0.6092077071260645,5.0875295799497025,-0.0022150384136566253,-0.07178744150339426,0.0,447.69540711582533,445.3872805024527,449.1258705544196,445.72856306021
2.520000000000002,0.30469233209606283,-0.7554798625790082,16.761971823380396,6.2782949257055165,6.182178544502232,0.0,0.7950377861123392,-0.6117034515473618,4.929654008790273,-0.007202803205832827,-0.07799616853638779,0.0,376.1846586448552,375.5774997679584,375.70342264066085,375.21948504421874
2.580000000000002,0.35415035135996226,-0.7922810048602924,17.057303099656,6.278445172040428,6.177368681030874,0.0,0.8539646512296104,-0.6150097578291466,4.914712622710108,0.017026604778596747,-0.08489452313643257,0.0,424.8092923499941,424.21173700864546,423.4020643932519,425.4818103964456
2.640000000000002,0.40729539275978915,-0.829277054705595,17.352366811311338,6.279445733652281,6.172263516119299,0.0,0.9179742971294492,-0.6181043026435774,4.920636658874828,0.01596552873768236,-0.08547171909718847,0.0,431.7038598908599,431.6489671417828,431.1077300575899,431.0179747914859
2.700000000000002,0.4646741201916635,-0.8664509014772662,17.65047338099567,6.280592285479255,6.167040243888639,0.0,0.9951162724850504,-0.6209168384690336,5.015733469124557,0.02475266250264179,-0.09042215067028461,0.0,460.7124544736102,460.31482993817144,458.7442614413794,459.4415116081452
2.760000000000002,0.5265671801369313,-0.9037642234288293,17.95239936997146,6.28202112881239,6.1621481739193555,0.0,1.0684272249058344,-0.6227281766491055,5.048224335885137,0.021867711633956007,-0.0679697780720541,0.0,440.05083349838355,441.90009073925506,441.7358655977716,441.49793285080153
2.820000000000002,0.5938237973905355,-0.9411672726771546,18.26345103853885,7.289315836445098e-05,6.1582110367463265,0.0,1.1738021137394707,-0.6238786461784825,5.318816847489896,0.017993262700801253,-0.06129115022008722,0.0,511.4266754190445,511.8996187103621,512.9659668059528,512.6906518178605
2.880000000000002,0.6665171368050012,-0.9786108610603609,18.582939326289253,0.001246958928478037,6.154591430201011,0.0,1.2496091654125623,-0.6241422456998413,5.3306471690064114,0.022543946426315194,-0.058465405357855674,0.0,437.2215531207325,437.45431147155983,438.5424321642638,438.92029686176124
2.940000000000002,0.7443224622576988,-1.0160422648924021,18.906986194199593,0.003071852339010306,6.15104908654212,0.0,1.3441746431189396,-0.6233996874567773,5.470143295526943,0.042751666214523545,-0.06021127562097302,0.0,477.3960966753166,477.2606664150203,477.38688348844266,478.9267860209228
3.000000000000002,0.8278101606619922,-1.0533871182182817,19.238893272577474,0.00577981966450114,6.147372439719863,0.0,1.4390297155967722,-0.6211567559518104,5.59271561722487,0.04951273762296397,-0.06349887747168727,0.0,473.4105606747518,473.15505167148353,474.9744249166279,475.49377025016815
3.0600000000000023,0.916611001509876,-1.0905596942855793,19.574837594202897,0.008865225288824163,6.143768207200665,0.0,1.5212951579232703,-0.6176639696264739,5.605263126731005,0.05499318285739715,-0.05397289203664116,0.0,441.9086553247275,442.69073980502407,440.93582876598856,441.39014587907326
3.1200000000000023,1.0105353950576867,-1.1274577415571467,19.912432188466315,0.012654081739420953,6.140332434388807,0.0,1.6097718295890808,-0.6119435219897005,5.647573241667973,0.07583148509935472,-0.06482040676601637,0.0,452.64712950897746,451.7709352530969,449.97545697258204,451.6622627173156
3.1800000000000024,1.109860017499689,-1.1639345237664427,20.25275032524436,0.017913905261804253,6.13611938783893,0.0,1.7013641506584933,-0.6034907936662044,5.695998014070522,0.10447730207825554,-0.08410310224357484,0.0,455.569019804735,454.0204865738859,452.2571897873624,454.56490763411944
3.2400000000000024,1.2143594611353645,-1.199851136283018,20.59326838936525,0.024323932708488982,6.130973396445686,0.0,1.7823661014949561,-0.5932208477037267,5.654682144112636,0.11116969716838943,-0.08931761658450203,0.0,426.31899614564344,425.86669356761973,425.59642665347894,426.17948963501505
3.3000000000000025,1.3241977175776127,-1.234981221578592,20.93386547581966,0.031032567251268794,6.125447222465258,0.0,1.8793512278130104,-0.5771723959516385,5.698167118594258,0.11306137597093101,-0.09834876551540435,0.0,453.168139996393,452.43445128001736,453.5774803579376,453.7402085673523
3.3600000000000025,1.440078525657427,-1.2689980036582165,21.277807601526696,0.03806388464710597,6.119257118003725,0.0,1.983836025623206,-0.5560715516218452,5.766023495209596,0.12437023926783003,-0.11515103082135623,0.0,462.6071305742548,461.2729380651478,460.86796793132777,461.7727954717526
3.4200000000000026,1.5618568816677147,-1.301726603157693,21.622843816303064,0.045344409220630766,6.11196695611379,0.0,2.0760145367244323,-0.5342793751220906,5.735133061401871,0.11447655007239611,-0.13888385602064435,0.0,431.16378908570607,429.1392511173436,432.9432373929156,432.12352266397966
3.4800000000000026,1.689343648484407,-1.3330146019687892,21.9663262020616,0.05199465346249177,6.104472720918849,0.0,2.174179160195216,-0.5080937375340494,5.714140190680697,0.10233857392028675,-0.10598596246166334,0.0,433.5203239018754,436.26103809740266,435.1293131463009,434.1228875610162
3.5400000000000027,1.8237234157184266,-1.3623633653096443,22.313388252123946,0.058221860838489015,6.097700587852682,0.0,2.3056627070565985,-0.46958593437057145,5.853580273912989,0.10653421919252845,-0.13245831141435235,0.0,486.055901098394,484.0569283780719,484.5148048025509,484.8385814580654
3.6000000000000028,1.9648031657811853,-1.389686264489713,22.66172308882404,0.06449365654640538,6.0901323148418705,0.0,2.3976030796860854,-0.44069921841340415,5.757825639151542,0.10018943646367769,-0.1158165040696837,0.0,411.4311735388025,412.88625357410757,412.18948738522744,411.63871610398513
3.660000000000003,2.1119975090008145,-1.4150206918997723,23.006797562851872,0.07010720003032844,6.083239526402597,0.0,2.5094150598516163,-0.40329297422009824,5.744437437758523,0.07503942981789341,-0.1130709360279716,0.0,438.90408412038386,439.11998369266337,440.49837180203343,438.4204855647358
3.720000000000003,2.2654890394004226,-1.4382013312255222,23.34848364627328,0.07418123167468771,6.076277252193652,0.0,2.6075026384113107,-0.3690550921646217,5.645342192343343,0.047150214548434086,-0.1227457412463131,0.0,410.55579055536407,409.6829140027685,412.6765043985092,410.210406832762
3.780000000000003,2.425915628194905,-1.4589351049164294,23.6887077325884,0.07726115570601699,6.069688706449313,0.0,2.740565223331052,-0.32182555534616436,5.694863165309635,0.058600470673929025,-0.09188896158214979,0.0,458.4283136683219,460.86333533672126,458.7152554193626,459.625374813747
3.840000000000003,2.594166234312376,-1.4768709845617847,24.030634672757703,0.08072392225484126,6.06435289823885,0.0,2.868165516211238,-0.27574637635320176,5.702358175023944,0.05587630606284681,-0.08359026250570552,0.0,447.59255023807776,448.26101032873186,446.7526100158211,446.532668505334
3.900000000000003,2.7702330129785673,-1.49195226349062,24.373332726895462,0.08357692342930179,6.059395351206863,0.0,3.0010512073259874,-0.22669746774579405,5.72050547017983,0.02044009341371783,-0.08076457297673748,0.0,451.2029189116805,451.4255970246807,452.9881861099698,450.13014833754136
3.960000000000003,2.9548114531389578,-1.5038768005509457,24.719107992344124,0.08473092899737544,6.054511355636157,0.0,3.1518300735256184,-0.1707218036001177,5.8045546256855,0.01670394886336782,-0.08270107330620312,0.0,472.91191523374704,472.7577768286834,473.0825053569838,472.79461342310765
4.020000000000002,3.147537940290542,-1.512776819005927,25.065708538907774,0.08538570905443432,6.050065143772439,0.0,3.2727048132065324,-0.12586455115161313,5.748803810252947,-0.004369860595464521,-0.06088357823844819,0.0,428.847832964752,430.6927794996219,430.5986749554167,428.8117009230984
4.080000000000001,3.348268436513418,-1.518727126673858,25.41187424518339,0.08525278263202551,6.046496817128098,0.0,3.418460100715666,-0.0725291100266724,5.789538225356585,0.001778675841509369,-0.056790004275390674,0.0,460.60949141636064,460.9308305039156,461.13162743792,461.61722038200077
4.14,3.5582078817990404,-1.5213317047311452,25.76217574574251,0.085006445142918,6.0426805697634745,0.0,3.579606683883612,-0.014355102884512246,5.886327104286239,-0.019730210811808105,-0.0829088980388649,0.0,479.77784064904716,477.787371175405,480.86671609891783,479.23432915260105
4.199999999999998,3.7772042080934054,-1.5206885888830968,26.11551959803427,0.08384159685429893,6.037244786661624,0.0,3.7205658477625816,0.035667227938668264,5.891420771531709,-0.018789417079134087,-0.11402401408407364,0.0,454.10498690490004,451.5942759092402,452.4729311332991,452.5487311839614
4.259999999999997,4.004236825505755,-1.5172325827056403,26.467142735699657,0.0826807441998012,6.030442973349796,0.0,3.84765698728957,0.07944899078768239,5.829303156064878,-0.020487744141180316,-0.11207547072260668,0.0,431.4733194438231,431.6259806596281,431.49055270894826,431.3471481715087
4.319999999999996,4.238839519449729,-1.5112146880177852,26.814456754395035,0.08121341998635234,6.023833585208678,0.0,3.9728897679335664,0.12106030893081579,5.7478920316051445,-0.03388535610814513,-0.10657395777810816,0.0,424.3214488937416,424.7822394734779,426.09797016247546,424.95062993446044
4.379999999999995,4.481585199557887,-1.5025584562361332,27.15891886194844,0.07911405848554764,6.018462186960008,0.0,4.118963769581881,0.1672857803754942,5.733858751269869,-0.03729367432369806,-0.06790306935433212,0.0,446.2581321379773,449.39694658389766,447.14876126311225,446.87043371378263
4.439999999999993,4.7342696560669895,-1.4908446792227878,27.506590541215022,0.07695452554723481,6.014190290410676,0.0,4.303899826254558,0.2228631730647635,5.854122521530487,-0.033509204648970614,-0.0787686415439541,0.0,489.7248512977388,488.9123795440302,490.27728106928834,490.5579921874294
4.499999999999992,4.996625121504981,-1.476255296419925,27.856073120820813,0.07493559145906925,6.009713691454003,0.0,4.441532807584465,0.2632934388071298,5.795272394347136,-0.03392971076366374,-0.06737821401143844,0.0,434.98198027514536,435.93052321428337,435.6823121985897,435.64666600025913
4.559999999999991,5.268380480485287,-1.4589806673878933,28.20590649411384,0.07361476244457776,6.006020169129265,0.0,4.617016426255462,0.3123139326110952,5.8650476416612225,-0.0051071272962822534,-0.051916568569071356,0.0,476.4376640879011,477.6161037984117,475.6104524961254,477.81326779452934
4.6199999999999894,5.549298958480773,-1.4391488820843996,28.55499001984502,0.07327847331401838,6.003294662160055,0.0,4.747073611181772,0.3487413093063476,5.771307608990864,-0.006619299984391003,-0.03486797005864079,0.0,425.0616035248205,426.5191554370422,425.13849623936943,425.0089686775177
4.679999999999988,5.839369529594776,-1.416795747628015,28.903093904453776,0.07249764609271736,6.001272998064106,0.0,4.921792128365199,0.39626255850395065,5.831480235435405,-0.030590928638684668,-0.03144534394202269,0.0,474.54934718605324,474.8116820158773,476.28115711481115,474.4438713422781
4.739999999999987,6.138516346504818,-1.3919629302460652,29.249948233842225,0.0702308728602512,5.999350440329248,0.0,5.0498298685681435,0.43137772039726546,5.730659837997041,-0.05876811971411099,-0.033264543193198375,0.0,424.6848365507877,424.5282955188259,424.40860679028515,421.9815589195298
4.799999999999986,6.446312912566667,-1.3648291266281123,29.59408122336705,0.06689117221642782,5.99720400889581,0.0,5.2099592406408,0.4727521363067814,5.740092322526965,-0.05008012576503747,-0.04133390592796423,0.0,460.2450753310102,459.60527616201193,459.34657014972265,460.03319374403804
4.859999999999984,6.7619916796256065,-1.3356611627287238,29.932920770522237,0.06356610584466527,5.994952714612738,0.0,5.312869768898851,0.49937751936478875,5.5553936245723445,-0.06910356268504056,-0.030819860319198852,0.0,392.7774013851446,393.7507061474854,395.25030880718595,393.4899559073532
4.919999999999983,7.085550444773609,-1.3045759616701478,30.2664540620912,0.059423907258954856,5.992972241316657,0.0,5.472300602940684,0.5364054601268324,5.562069376883492,-0.06890320786490899,-0.03778760052163964,0.0,458.59467291920646,458.04034866029076,457.5037420455647,457.5162403739198
4.979999999999982,7.418877991032673,-1.2713037309922524,30.601076245099645,0.0553731318223889,5.9908317503741575,0.0,5.638479578519765,0.5722605232552668,5.591533004596672,-0.06486931520442028,-0.03175364016612777,0.0,465.8559642265566,466.3271544325111,465.4433533927113,465.75583379548186
5.0399999999999805,7.762061410490715,-1.2359763134811552,30.937093784351866,0.05108623794457756,5.988633556650694,0.0,5.800822917738103,0.6049293783597974,5.6086610954665215,-0.08975956341775135,-0.048829629673085524,0.0,463.5403709925694,462.1955620014818,463.94374586854633,461.9808664798162
