time,x,y,z,phi,theta,psi,x_velocity,y_velocity,z_velocity,phi_velocity,theta_velocity,psi_velocity,rotor_speed1,rotor_speed2,rotor_speed3,rotor_speed4
0.06,-0.006144018064423964,7.756496466903561e-12,10.001853677727809,1.847211272831828e-08,0.8987305091899529,0.0,-0.3437466233558488,7.756305830982614e-10,-0.01659911300841871,9.235985422919735e-07,10.819807166483596,0.0,-0.09826692012212941,900.0749135154275,-0.021454494976925934,-0.26025959709811003
0.12000000000000001,-0.03345764396424781,3.9678406569203074e-10,9.996822473594223,7.018967451699609e-08,1.2231222261654775,0.0,-0.2993768387898297,5.935187742019838e-09,-0.3333090699972176,7.752657352200246e-07,19.276764580802023,0.0,-0.168978731886356,899.8449934022718,-0.1617889546956649,0.11775260103687159
0.18,-0.05729867473117818,7.003387287845609e-10,9.958952608903354,1.2031698126691026e-07,0.6297399974298017,0.0,-0.23390606464625477,1.256624671791914e-08,-0.8645130920911112,9.73257560217883e-07,24.352587533571892,0.0,-0.16298117933283593,899.9638722202466,-0.04802386431581389,0.1292867778097257
0.23999999999999996,-0.08714131429707662,2.1897186935106053e-09,9.89643300952426,1.9993347866176236e-07,3.2623852207321473,0.0,-0.7572940945094147,-7.478303612734353e-10,-1.4829983169406162,1.9039825523271564e-06,26.88237210631682,0.0,-0.21448444107254,900.1566605740422,0.07532393849542009,0.2914496735054685
0.3,-0.12355857233424959,-1.5947157888209828e-09,9.772227021446378,3.1132062705552244e-07,5.127620470144414,0.0,-0.31617272559857895,-1.0088391676908881e-07,-2.524407030976563,1.8847409300963413e-06,28.01686149829609,0.0,-0.18632081412515097,900.212061887787,-0.11941491040901857,0.16061925591365078
0.36000000000000004,-0.12764600606228374,-3.082540967207635e-09,9.616483860660944,4.202306120859589e-07,0.5783701786285667,0.0,0.03228093069331417,9.131714423737185e-08,-2.575434327927159,1.8465818161718328e-06,28.50198976297991,0.0,-0.18825247336873302,900.3117264937255,-0.26830529136824993,0.09820601230253273
0.4200000000000001,-0.14136280260789638,7.712867961110322e-09,9.45676834541399,5.275298482487756e-07,2.3004910918705157,0.0,-0.5617424409618513,1.9920295201849112e-07,-2.9086299378053635,1.4715051579835683e-06,28.703947803476037,0.0,-0.11506534447268996,900.3056175205256,-0.2687062620244233,-0.16862834126924856
0.48000000000000015,-0.18501358571677873,1.039885077104461e-08,9.24764019289611,6.083720043292828e-07,4.02604755639341,0.0,-0.7272233588384993,-1.3974906664753603e-07,-4.103526683952841,1.0990963332079463e-06,28.789243472678457,0.0,-0.03337990233259835,900.409451773086,-0.24722267839496526,-0.184371522674676
0.5400000000000001,-0.20979616753660216,-2.0621537462968045e-09,8.977006288402396,6.770131788513822e-07,5.754435065369641,0.0,-0.08522246588232765,-1.6644116642667744e-07,-4.7437290761793145,1.1887125710046402e-06,28.823703785963176,0.0,-0.23948633048978485,900.3780875899752,-0.05616470234198659,-0.11411122761926107
0.6000000000000002,-0.21097465497989026,5.901609461455756e-10,8.693074385704866,6.996671348957761e-07,1.201095420243945,0.0,-0.12023888415403211,2.5277276043006066e-07,-4.729417724603485,-1.2447766802129875e-06,28.83956288945577,0.0,-0.028669890837230688,900.4690072656678,0.42101656385821873,-0.3206357855033921
0.6600000000000003,-0.23822919901963782,1.6259507098533033e-08,8.392170103258342,6.073563767472479e-07,2.931675790978291,0.0,-0.7415700631102004,1.6249595192733115e-07,-5.462829973231125,-1.443875019348654e-06,28.847714822864184,0.0,-0.23635111121880462,900.5562642459969,0.32492780794173304,-0.23865124291235956
0.7200000000000003,-0.28053263769056086,1.545804197741994e-08,8.028957082500842,5.13332322427118e-07,4.662537954687897,0.0,-0.5070349191400874,-1.5050826206471603e-07,-6.588904128459625,-1.8134538510128098e-06,28.847684462713268,0.0,0.064306202852327,900.3779439500397,-0.20163052345616594,-0.11719558733652752
0.7800000000000004,-0.292077677925125,9.290680508535891e-09,7.622071249645605,4.089063549983507e-07,0.11025724038952589,0.0,0.018873148025501163,-2.5301130579168933e-09,-6.854559328661176,-1.7039223816849908e-06,28.84948124034196,0.0,0.002173688587190354,900.4736216219827,-0.056570657834908056,-0.16821020443256107
0.8400000000000004,-0.29871300678659973,1.5171783680153046e-08,7.208389448213012,3.0242727611096143e-07,1.8412563212398734,0.0,-0.38190529675981266,1.5696826484604323e-07,-7.030475652807041,-1.916109564810306e-06,28.850733155084395,0.0,-0.016961196666774852,900.5008856410082,0.12432088230722005,-0.17798338669067343
0.9000000000000005,-0.3371049277293438,2.16259531284038e-08,6.758018019441221,1.8806321921971403e-07,3.572221108774338,0.0,-0.7660431155724068,4.7233724685613974e-08,-8.049044690813801,-1.88598368413168e-06,28.847335165547104,0.0,0.2421795965346012,900.2940483293199,0.016654525333646975,-0.04684400216666018
0.9600000000000005,-0.37001590286404223,2.240391058574197e-08,6.246030617259724,7.232139953572414e-08,5.302966334973684,0.0,-0.22812180541535806,3.408074594531493e-09,-8.875669855671962,-1.962087226022774e-06,28.843242785428355,0.0,0.168004597055091,900.1512458579932,-0.0969873166787344,0.07312843616494943
1.0200000000000005,-0.3736748003477062,2.3269263355594727e-08,5.709480169912633,6.283185257231587,0.7503265936032442,0.0,-0.025660182685284614,1.7798868095153554e-08,-8.993501888068119,-2.1892959813232312e-06,28.841161113264924,0.0,0.18029968662227064,900.1298614956042,0.12864622631286143,-0.029597108853045243
1.0800000000000005,-0.39199358463840345,1.9738240978121564e-08,5.158622805528709,1.1952852203123143e-05,2.4804589730814772,0.0,-0.6240494639490868,-4.1155873511186174e-07,-9.530152956682498,0.0005953352066716327,28.82518130954757,0.0,2.421799964694308,899.3312006329319,0.24577896496921178,6.6359742693925785
1.1400000000000006,-0.4339835194618212,-2.5272721850585393e-07,4.55569370736674,4.767286980289498e-05,4.2103223199504,0.0,-0.6460483559955633,-1.0887540530287646e-05,-10.561955851389902,0.0005953304666501909,28.83859870456569,0.0,-0.0757370772072598,900.385989147552,0.09841705005981746,0.0013416498810451018
1.2000000000000006,-0.4534382841633082,-8.461501994990592e-07,3.9043143731865175,8.338813525288202e-05,5.94078727514011,0.0,-0.054640503632659404,3.801475033438556e-07,-11.005075900231814,0.0005948789478428477,28.844569893861355,0.0,-0.282211617810153,900.4108801496465,0.2241669830514865,0.037891439148194705
1.2600000000000007,-0.4572324134120072,2.0283061254684491e-07,3.237813305038361,0.00011906280097040423,1.3882187905473415,0.0,-0.2028287326446159,3.488290855625507e-05,-11.228411158319679,0.0005939753865784327,28.842126049895096,0.0,-0.5754028605849874,900.1523125382889,0.2558727499597827,-0.024854159459606215
1.3200000000000007,-0.4879480545638842,1.5383688964701422e-06,2.5407346982861347,0.00015467691416670704,3.11863759490409,0.0,-0.7019577098794496,-1.767933239160885e-06,-12.086195916333047,0.0005933739027355295,28.83741282559213,0.0,-0.5187042604495733,899.9559369734451,0.36557860664473935,-0.04025808311562795
1.3800000000000008,-0.5250879334421049,4.259658471216432e-08,1.7892309636575023,0.00019027925415393554,4.848825239598391,0.0,-0.38398743172775507,-4.2239631252710104e-05,-12.92222747464225,0.0005933691938941167,28.835104972938872,0.0,-0.31772444648345677,899.9399314128108,0.22780948065347473,0.0018221155143976417
1.4400000000000008,-0.5337114325216054,-4.4808024551512554e-07,1.0066082818273,0.00022576069257951303,0.2949363959135294,0.0,-0.04096859031006887,2.4747209396181826e-05,-13.178238771062485,0.0005873332511005222,28.76565450101438,0.0,0.029266009903927692,896.3051644481316,0.8167663739150202,0.4772744708492431
1.5000000000000009,-0.5446121223042683,2.10729123807024e-06,0.20306003226975575,0.00039341218714827875,2.046573203697454,0.0,-0.4604325298067028,3.8602982089314536e-05,-13.69144096804115,0.006878033598313569,28.309901753424736,0.0,5.8294550878228675,873.3862297916099,2.2758902258010414,21.526799705615282
1.560000000000001,-0.5910385160529427,-0.0023505639647502,0.0,0.4076338785256599,5.396942890666736,0.0,-0.9570051739142882,0.044628453749463864,-14.530825503139706,10.690514297707406,10.863966320908943,0.0,888.5520403305073,43.38978731502401,1.9388770387091445,894.4349922087905
