time,x,y,z,phi,theta,psi,x_velocity,y_velocity,z_velocity,phi_velocity,theta_velocity,psi_velocity,rotor_speed1,rotor_speed2,rotor_speed3,rotor_speed4
0.06,-0.006149644601333635,6.022820093857654e-15,10.00184946464761,1.1667111721180845e-11,0.9004730443303899,0.0,-0.34404330199465727,6.022820093857653e-13,-0.01691349375484707,3.4291247076414123e-10,10.820286740905704,0.0,0.049194118566622,900.0954212864616,-0.00044490103575321505,0.007248360598426652
0.12000000000000001,-0.03359193178155858,1.4501513352096322e-13,9.99687291482525,2.8403501772800155e-10,1.2603606050944833,0.0,-0.3005732748432156,-5.1753142294492225e-12,-0.3271104793279464,1.3736102309146999e-08,19.289540129114318,0.0,-0.17909852738791232,900.4278145783492,0.03869558667804888,0.05031337201759767
0.18,-0.05749500275949474,1.2433976323518329e-11,9.959155139308242,2.259264153536833e-08,0.6661853395784938,0.0,-0.23717286608750335,1.3940755560810224e-09,-0.855964721607459,9.777603038055354e-07,24.36438213439517,0.0,-0.12273862865909098,900.2120392641826,0.11545347468878253,-0.3006412927314291
0.23999999999999996,-0.08778959237267032,1.3048686243918769e-10,9.896585790731711,9.853742266585641e-08,3.295758869782741,0.0,-0.7598005238713972,-9.410619404562786e-09,-1.4927403181337944,2.0011120918823937e-06,26.889926795766335,0.0,-0.11457148770764378,900.2639734466501,0.15240562727277904,-0.3027558840039909
0.3,-0.12378148865037872,-2.3665314647854656e-09,9.772096402370117,2.587838903167494e-07,5.1584360696811515,0.0,-0.30413772438232173,-6.238803434048728e-08,-2.5198528867952774,3.999503523228281e-06,28.017231284857374,0.0,-0.1900059103387527,900.0605322525269,-0.28007660018602776,-0.4741041733278891
0.36000000000000004,-0.1275737828925885,-1.653152619229645e-09,9.61706047849064,5.129967624029064e-07,0.6083515636754413,0.0,0.02756859972571192,1.3477951026574157e-07,-2.5609095217500166,4.557604953195527e-06,28.497937563801457,0.0,0.017309975536436067,900.0902548589582,-0.26524575940772127,-0.3672807813070388
0.4200000000000001,-0.14194194685799214,1.2744317146315594e-08,9.457744398114976,8.0088688836355e-07,2.3298918956396637,0.0,-0.5736604681919379,2.5604565683842994e-07,-2.9117967086020475,5.4879083454895195e-06,28.69632271438133,0.0,0.010791708820437292,899.9916033160093,-0.1860110101569941,-0.34680966502325633
0.48000000000000015,-0.18578493592466447,1.3092007989420644e-08,9.24818118772739,1.1525201193407497e-06,4.05458436376642,0.0,-0.7208144920551687,-3.0700414617547673e-07,-4.110275419225871,6.605834399469164e-06,28.77389163896054,0.0,-0.02146065124220118,899.7638862202334,-0.1517852298281041,-0.32321561713569086
0.5400000000000001,-0.21001277438385857,-1.2205305319392787e-08,8.977682469515342,1.6150555799399058e-06,5.781855734773341,0.0,-0.07854600938374434,-3.135493337602633e-07,-4.732795788482024,9.36198487559612e-06,28.80279293981107,0.0,0.11526676308838657,899.605555543323,0.0056918116945267605,-0.49260396839342935
0.6000000000000002,-0.2113044554177694,6.149530712661253e-10,8.694458719833024,2.170584618710336e-06,1.227169403595414,0.0,-0.1303567676830516,7.652675328146669e-07,-4.720639444714784,9.052481400977023e-06,28.81547284156339,0.0,0.08750312670298688,899.6485897046447,0.15014691965794746,-0.41641404344215344
0.6600000000000003,-0.23914765081145742,4.561431895639582e-08,8.39357666644569,2.7013382437601763e-06,2.956275018321776,0.0,-0.7465966124219249,3.479024424048182e-07,-5.468706770449668,8.937746203196972e-06,28.82252171834059,0.0,0.18275015531720637,899.7462474780766,0.2744903051627571,-0.1993099673993663
0.7200000000000003,-0.2813000377505046,1.7155836005431796e-08,8.030091476587039,3.2342672939833506e-06,4.685664163404095,0.0,-0.4981724178822976,-1.166455645101694e-06,-6.588574379766571,7.47462374071731e-06,28.82408677901363,0.0,0.16768169124230595,899.6760540653529,0.7049650908125087,-0.14620189650770127
0.7800000000000004,-0.2925062274731617,-3.072231689055803e-08,7.6236135298545635,3.6045417868280083e-06,0.13196537913438533,0.0,0.018919126716182025,-1.9586302118048822e-08,-6.8444971867598365,3.564349854117434e-06,28.825793741015072,0.0,0.1641866509285266,899.7324070229199,0.538413116618257,0.07116902818838824
0.8400000000000004,-0.2994928989850948,2.286554001739595e-08,7.210365956307994,3.796319717253027e-06,1.8614949528701974,0.0,-0.3915497747397657,1.4548423548635024e-06,-7.029016803324662,2.4601866544117358e-06,28.82503434675307,0.0,0.20636491201177237,899.655176402383,0.31732841520372224,0.14237370370627866
0.9000000000000005,-0.338194323652358,6.749767103399421e-08,6.759841614132852,3.945124956494794e-06,3.591117030357454,0.0,-0.76598240976201,-2.2423930170810298e-07,-8.053025105432294,2.6264862818311518e-06,28.82988186099378,0.0,0.020197685947741628,899.9281362323874,0.34491971676100475,-0.14098874875314754
0.9600000000000005,-0.3708248651191824,9.869980453311352e-09,6.247832742050167,4.102714200371338e-06,5.320896834100015,0.0,-0.22230023339976077,-1.1271834940361846e-06,-8.870323873401874,2.257061124321077e-06,28.82933127800556,0.0,-0.12645534033364023,899.7938340883894,0.2853164155762831,0.02605529252201
1.0200000000000005,-0.37442659452487415,-1.0991328237039447e-09,5.711677873788949,4.220374584029685e-06,0.7673782376181375,0.0,-0.029362122563421807,8.306090700352993e-07,-8.986925575288092,1.3688903800164693e-06,28.825314836741313,0.0,-0.299358002526258,899.5932891364893,0.27348745167530336,0.10050463917917025
1.0800000000000005,-0.3931627553854899,7.471477781249093e-08,5.160970008997255,4.302285371515779e-06,2.496812363223544,0.0,-0.630063731812368,1.0078006994119524e-06,-9.532244255278208,1.4272015275362676e-06,28.82167080473671,0.0,-0.3924801942513463,899.4876547110924,0.02847529408517141,-0.11984912476430667
1.1400000000000006,-0.435251910566045,7.716967910407615e-08,4.5579422422167415,4.396081428659215e-06,4.226149120449861,0.0,-0.6431095772359946,-9.058748343295666e-07,-10.56268590856561,1.8353983955040467e-06,28.82318134260754,0.0,-0.3605068854086927,899.6466846681541,0.22217089990902483,-0.1724325768331697
1.2000000000000006,-0.4545142150879014,2.4221588929983788e-08,3.9067996395390896,4.508452564166987e-06,5.955545985510067,0.0,-0.05484367516372807,-2.2175245447529437e-07,-10.998729689520477,2.0771714252085473e-06,28.823431244032115,0.0,-0.27624373280563314,899.6270902990614,-0.035242311341081245,0.16442954592191733
1.2600000000000007,-0.45851510378234245,6.26125528524237e-08,3.2406300751526165,4.633132217435332e-06,1.4018079702932953,0.0,-0.21036848533609825,1.4286228953948934e-06,-11.224370171939961,2.0796398376231333e-06,28.825142340704126,0.0,-0.36536922667929134,899.712241261652,-0.15565869252128267,0.013409062282373265
1.3200000000000007,-0.48960735885634143,1.2061976769151072e-07,2.5435894916106947,4.773952366754486e-06,3.1315154477195435,0.0,-0.7053682294799692,1.4599277957298276e-07,-12.086113771723328,2.480681749226445e-06,28.833008370171427,0.0,-0.5781292543785386,900.0913654541521,0.05797756228464199,0.301656907696417
1.3800000000000008,-0.5267723602419812,8.790651947055494e-08,1.7921184614536825,4.914943525058391e-06,4.861456980464192,0.0,-0.38102718233318333,-1.0299837392078228e-06,-12.91920435601705,2.08819312386888e-06,28.831481487551674,0.0,-0.7794272648663214,899.844018357523,-0.16908222858275615,0.21409117693111823
1.4400000000000008,-0.5352649051649943,7.808997270449188e-08,1.0098329133371913,5.054059877274142e-06,0.3080727644704204,0.0,-0.03967971005115775,6.381594412756258e-07,-13.17114324115326,2.9392894094879058e-06,28.82770359914587,0.0,-0.6559777261521831,899.6732125525814,-0.3556180630148429,0.27136362856093804
1.5000000000000009,-0.5470331690132799,2.060268710192522e-06,0.20804514924231332,0.010278912688702846,2.0377796348654336,0.0,-0.497966150582947,-0.00013203143091412373,-13.648572863411598,0.19541045510709185,28.829546465597627,0.0,-0.4656013668912785,899.8525911270779,0.9509450113152164,119.3367030148526
1.560000000000001,-0.5853048703632457,-0.000129481487176426,0.0,0.021993364856313313,3.767467471994486,0.0,-0.67545496261054,-0.003799608164392313,-14.520022505122185,0.19490012057792025,28.825235268256893,0.0,-0.2755802069267398,899.6270329350799,-0.19772751690199364,0.565213039974628
