time,x,y,z,phi,theta,psi,x_velocity,y_velocity,z_velocity,phi_velocity,theta_velocity,psi_velocity,rotor_speed1,rotor_speed2,rotor_speed3,rotor_speed4
0.06,1.6238572928875157e-11,-8.651361882045315e-15,2.9823442069471593,2.647406205369407e-08,4.989519690745681e-05,0.0,1.6345959096470961e-09,-8.651394335421011e-13,-0.5886267341567434,1.2835055931834846e-06,0.002444933823175917,0.0,0.5763626484964387,13.357463848630529,0.09783096946457204,-0.3276349530302854
0.12000000000000001,3.897461522789958e-09,-1.973160827254047e-12,2.92932950799174,1.0517660875564161e-07,0.000251699596909738,0.0,2.164293159563836e-07,-1.0589045088269231e-10,-1.1789322971780987,1.33438539851795e-06,0.00513978047979096,0.0,0.6518373401662306,14.025993056712812,-0.00741183516570923,-0.11989572444671254
0.18,6.336149787233906e-08,-2.5913325131735218e-11,2.840794130611634,1.8816794788989455e-07,0.0006250058818775273,0.0,2.301490635084177e-06,-8.523240794593132e-10,-1.7729564634171653,1.4165678712824854e-06,0.008302291232782113,0.0,0.7468523979197466,15.197125886355924,0.08358339842167825,-0.21505953216458215
0.23999999999999996,4.2760212836173763e-07,-1.403829946039997e-10,2.716452572787241,2.7280624159686795e-07,0.0012024422383802857,0.0,1.1564532422526653e-05,-3.327021299881684e-09,-2.3727880676881656,1.398778916430356e-06,0.012144025503291168,0.0,0.7718542067851459,16.748658487188546,0.035996423974331636,-0.08902984280904476
0.3,1.8491072850861573e-06,-4.952766463024877e-10,2.5558929062308064,3.56672674506342e-07,0.002041373309108252,0.0,4.003799370252809e-05,-9.149436245334618e-09,-2.980556961938155,1.3957638003311291e-06,0.017425606806940386,0.0,0.9815410968576692,19.643402790961467,0.014819535955144073,-0.08449444345275414
0.36000000000000004,6.126149627621772e-06,-1.3538400790465985e-09,2.358573647351581,4.4041850166820495e-07,0.0032614928079750527,0.0,0.00011159072400265803,-2.0489092115633787e-08,-3.598456542775143,1.3957637742765937e-06,0.02559730976230703,0.0,1.3221001641110188,24.44123071549422,-0.0015874433809595738,-0.079147359116812
0.4200000000000001,1.707920793454694e-05,-3.126202403230766e-09,2.1238215313444235,5.26871689388031e-07,0.00512249074606963,0.0,0.0002720186406912842,-4.008881421052069e-08,-4.228690960957022,1.5311317033729255e-06,0.04009993560539499,0.0,1.7280348365176468,32.561822839653644,-0.026917202883753502,0.09929843501242722
0.48000000000000015,4.247105917695505e-05,-6.408246329403684e-09,1.8508349689639858,6.224685566991184e-07,0.008241766860364486,0.0,0.0006127633015881981,-7.147399990065956e-08,-4.873337910308055,1.7175796798852925e-06,0.06886175251444474,0.0,2.722349597494393,45.878994094878955,-0.04017753476892162,0.1165368684332683
0.5400000000000001,9.833088144535216e-05,-1.203215067625729e-08,1.538701944288705,7.400197192808378e-07,0.014220947217030933,0.0,0.0013350690283962714,-1.1908394404000139e-07,-5.534002503002823,2.442394366683773e-06,0.130026738817147,0.0,3.6519716396475,66.90751813646571,-0.04307117290417106,0.22977246043122024
0.6000000000000002,0.00022010046295025437,-2.1139972668233487e-08,1.1864601651463476,9.45486310577337e-07,0.02792404041448915,0.0,0.0029432155591784287,-1.8949021738553658e-07,-6.210745851853408,5.388468434091053e-06,0.26748975428803845,0.0,5.8508203526079505,100.39183467608387,0.18004729858955107,0.49699957847699905
0.6600000000000003,0.000495624486359262,-3.5534964402762276e-08,0.7931921061956201,1.5243947402154845e-06,0.06286796571615838,0.0,0.006854013252057269,-3.0133967133375093e-07,-6.901962707293966,1.8167123118405567e-05,0.5493871836055526,0.0,9.493391017844155,144.0717024781998,0.8100855634395383,1.2597752891020038
0.7200000000000003,0.0011509445381422644,-5.944079426652387e-08,0.3581823460064254,4.099672788804298e-06,0.15388040443016138,0.0,0.016599507450132937,-5.33969238216011e-07,-7.602175575968848,9.23837363780009e-05,1.0823539880052768,0.0,15.59939927225643,199.00053444182387,1.9696590720993423,3.047209324909849
0.7800000000000004,0.0027096750424607146,-1.0966289088819996e-07,0.0,1.2822264091383317e-05,0.33415058730300107,0.0,0.037995109871278465,-1.2782131053691203e-06,-8.307590496176791,0.00025115189415692046,1.8558831024673461,0.0,19.5604330573204,241.91976129974822,5.180656189660313,6.197085349876758
